2.983471844345331192e-03 6.544533651322126389e-03 1.117663457989692688e-02 1.195954717695713043e-02 1.136153563857078552e-02 9.787456132471561432e-03 8.225185796618461609e-03 7.462168112397193909e-03 6.586806382983922958e-03 7.492673583328723907e-03 7.695211563259363174e-03 6.622886285185813904e-03 7.214867509901523590e-03 8.537129499018192291e-03 6.805490702390670776e-03 7.089904509484767914e-03 6.224655546247959137e-03 8.045296184718608856e-03 6.523291114717721939e-03 6.192275322973728180e-03
6.854765117168426514e-03 7.309135980904102325e-03 6.774838548153638840e-03 6.361002568155527115e-03 7.431222125887870789e-03 6.880674511194229126e-03 7.375486660748720169e-03 5.507098510861396790e-03 6.725806742906570435e-03 7.397328503429889679e-03 6.608447059988975525e-03 6.978254299610853195e-03 7.317602634429931641e-03 7.441316731274127960e-03 7.011437788605690002e-03 6.266893818974494934e-03 6.785764358937740326e-03 6.478068884462118149e-03 7.831081748008728027e-03 6.893899757415056229e-03
6.180818658322095871e-03 6.730966269969940186e-03 6.794221699237823486e-03 6.733058951795101166e-03 6.280561443418264389e-03 5.910553038120269775e-03 6.695779040455818176e-03 6.923559121787548065e-03 6.678528618067502975e-03 6.559208966791629791e-03 5.771887488663196564e-03 6.555978208780288696e-03 5.904224701225757599e-03 6.065099034458398819e-03 6.262399721890687943e-03 5.907178856432437897e-03 6.096921395510435104e-03 6.087176036089658737e-03 6.088166497647762299e-03 6.389343179762363434e-03
6.905698217451572418e-03 7.436971645802259445e-03 6.044032517820596695e-03 5.763699300587177277e-03 6.889210082590579987e-03 5.940440110862255096e-03 6.733653135597705841e-03 6.697790697216987610e-03 7.176245562732219696e-03 6.365006323903799057e-03 6.323792040348052979e-03 5.714985076338052750e-03 7.201497443020343781e-03 6.720587145537137985e-03 6.416720338165760040e-03 7.675958797335624695e-03 7.049336098134517670e-03 5.474736914038658142e-03 5.625466816127300262e-03 6.879345979541540146e-03
6.128810811787843704e-03 6.643647328019142151e-03 6.990208290517330170e-03 6.408248096704483032e-03 6.889794021844863892e-03 6.205640733242034912e-03 5.772835575044155121e-03 6.528180092573165894e-03 6.696091964840888977e-03 6.833463907241821289e-03 6.699406541883945465e-03 6.821904331445693970e-03 5.791524890810251236e-03 7.411748170852661133e-03 6.275412160903215408e-03 5.714728031307458878e-03 5.857828073203563690e-03 6.343838293105363846e-03 6.961709354072809219e-03 6.979787256568670273e-03
5.954788997769355774e-03 6.244907621294260025e-03 6.818774156272411346e-03 6.177964154630899429e-03 5.548404995352029800e-03 6.126664578914642334e-03 5.715020932257175446e-03 7.688505575060844421e-03 6.194045301526784897e-03 5.961085204035043716e-03 6.205543410032987595e-03 5.607076920568943024e-03 5.990196019411087036e-03 6.574328523129224777e-03 6.499013397842645645e-03 6.757156457751989365e-03 6.215660367161035538e-03 6.197842769324779510e-03 6.261780392378568649e-03 5.871026311069726944e-03
5.795922130346298218e-03 6.136700045317411423e-03 7.095530629158020020e-03 6.817466579377651215e-03 6.138561293482780457e-03 6.044293288141489029e-03 6.469557527452707291e-03 6.344788707792758942e-03 5.883942823857069016e-03 6.197836250066757202e-03 6.097448524087667465e-03 5.736614111810922623e-03 5.722331814467906952e-03 5.574796348810195923e-03 5.735377315431833267e-03 5.994531791657209396e-03 6.532161962240934372e-03 7.353158202022314072e-03 6.755514070391654968e-03 6.042145192623138428e-03
6.007002200931310654e-03 8.736272342503070831e-03 6.074945442378520966e-03 6.536616943776607513e-03 7.956136949360370636e-03 6.410609465092420578e-03 7.160287350416183472e-03 6.792746949940919876e-03 6.898529361933469772e-03 5.297240335494279861e-03 6.260317750275135040e-03 6.274280138313770294e-03 6.110684480518102646e-03 6.402678787708282471e-03 6.061451509594917297e-03 5.742862820625305176e-03 5.472953896969556808e-03 6.460435222834348679e-03 6.761381868273019791e-03 6.255805492401123047e-03
7.666088175028562546e-03 6.626513786613941193e-03 6.074282340705394745e-03 6.268934346735477448e-03 5.975849460810422897e-03 6.076984107494354248e-03 6.903147324919700623e-03 7.312018424272537231e-03 7.512683980166912079e-03 7.566996384412050247e-03 6.206929218024015427e-03 6.186156999319791794e-03 5.609747022390365601e-03 6.728610955178737640e-03 5.924694240093231201e-03 6.450109183788299561e-03 6.274414248764514923e-03 5.700606387108564377e-03 6.343863438814878464e-03 6.527140270918607712e-03
7.399377878755331039e-03 5.707421340048313141e-03 6.045123096555471420e-03 5.579322576522827148e-03 5.825599189847707748e-03 6.054573692381381989e-03 5.838533397763967514e-03 6.610185839235782623e-03 6.425110623240470886e-03 5.987278651446104050e-03 6.106211803853511810e-03 6.627273280173540115e-03 5.854126065969467163e-03 6.418281234800815582e-03 5.417506676167249680e-03 6.369737442582845688e-03 6.436841562390327454e-03 5.852004513144493103e-03 5.698703695088624954e-03 5.732841789722442627e-03
6.071693263947963715e-03 6.428936962038278580e-03 5.789118353277444839e-03 5.456949118524789810e-03 6.469773128628730774e-03 5.880678072571754456e-03 5.943363998085260391e-03 6.365458481013774872e-03 6.064839661121368408e-03 7.925048470497131348e-03 6.613351870328187943e-03 6.131721194833517075e-03 5.807186011224985123e-03 6.145962513983249664e-03 5.679386667907238007e-03 5.909775849431753159e-03 6.011823192238807678e-03 6.639255676418542862e-03 7.171213626861572266e-03 6.323394365608692169e-03
5.968199577182531357e-03 6.422270555049180984e-03 6.847072392702102661e-03 5.488546565175056458e-03 6.157039199024438858e-03 6.507223006337881088e-03 7.573686540126800537e-03 5.837882868945598602e-03 5.058690905570983887e-03 6.287769880145788193e-03 5.536484997719526291e-03 5.944378208369016647e-03 6.261494476348161697e-03 6.118766963481903076e-03 7.375170011073350906e-03 6.140252575278282166e-03 5.463828798383474350e-03 5.572950933128595352e-03 6.280021276324987411e-03 6.788857281208038330e-03
6.918599829077720642e-03 5.430035758763551712e-03 5.847451742738485336e-03 6.684183608740568161e-03 5.378221627324819565e-03 6.203052122145891190e-03 8.149033412337303162e-03 6.530068349093198776e-03 5.934553220868110657e-03 5.676412954926490784e-03 5.913647357374429703e-03 5.845724605023860931e-03 6.865459494292736053e-03 6.881888955831527710e-03 6.903276778757572174e-03 7.438515778630971909e-03 6.182159762829542160e-03 5.196921993046998978e-03 8.684762753546237946e-03 5.636980757117271423e-03
6.054712459444999695e-03 6.185104604810476303e-03 5.511541850864887238e-03 6.655472330749034882e-03 5.300037562847137451e-03 6.931820884346961975e-03 5.549686495214700699e-03 5.680712405592203140e-03 6.275456398725509644e-03 6.398153956979513168e-03 8.318037725985050201e-03 6.869721692055463791e-03 5.608369130641222000e-03 6.461816839873790741e-03 5.605848971754312515e-03 5.742547567933797836e-03 6.246214266866445541e-03 7.495515514165163040e-03 6.821946706622838974e-03 7.904169149696826935e-03
5.716923158615827560e-03 5.176739301532506943e-03 5.527442786842584610e-03 6.783151999115943909e-03 7.015109527856111526e-03 6.715588737279176712e-03 6.071747280657291412e-03 5.670339334756135941e-03 5.889068357646465302e-03 6.224270910024642944e-03 6.167910061776638031e-03 5.615755915641784668e-03 5.806903820484876633e-03 5.616411566734313965e-03 6.643448490649461746e-03 7.280514575541019440e-03 5.731489975005388260e-03 5.617867689579725266e-03 6.227537523955106735e-03 6.664330605417490005e-03
5.764467176049947739e-03 6.118603516370058060e-03 5.826522596180438995e-03 5.567921791225671768e-03 5.981351714581251144e-03 5.394389387220144272e-03 5.669162143021821976e-03 6.015639286488294601e-03 5.390487611293792725e-03 6.165839266031980515e-03 6.139594130218029022e-03 5.810815840959548950e-03 6.293397396802902222e-03 5.925086326897144318e-03 6.343611516058444977e-03 7.558593992143869400e-03 5.697333719581365585e-03 6.875091232359409332e-03 6.258538924157619476e-03 5.467114038765430450e-03
7.377081084996461868e-03 5.631375126540660858e-03 6.259643007069826126e-03 5.673502106219530106e-03 6.697369739413261414e-03 6.413639523088932037e-03 5.814040545374155045e-03 5.824616644531488419e-03 6.331872195005416870e-03 6.103875115513801575e-03 6.379863712936639786e-03 6.077358964830636978e-03 5.903276149183511734e-03 7.565880194306373596e-03 6.626559887081384659e-03 5.889631342142820358e-03 6.124719977378845215e-03 6.100515834987163544e-03 6.679932121187448502e-03 6.294579710811376572e-03
5.837747361510992050e-03 6.095059216022491455e-03 5.277094431221485138e-03 6.332073360681533813e-03 6.597510073333978653e-03 6.938478909432888031e-03 6.604893598705530167e-03 5.571926478296518326e-03 6.375265307724475861e-03 5.982839968055486679e-03 6.467699073255062103e-03 5.791019182652235031e-03 6.310830824077129364e-03 6.255916319787502289e-03 6.292509846389293671e-03 6.638628896325826645e-03 6.307853385806083679e-03 5.824038758873939514e-03 6.578318309038877487e-03 5.382001865655183792e-03
5.533474497497081757e-03 6.402485072612762451e-03 6.785714998841285706e-03 5.903539713472127914e-03 6.196187809109687805e-03 6.204470060765743256e-03 6.252872291952371597e-03 6.989609915763139725e-03 5.625282414257526398e-03 5.459051113575696945e-03 5.930325947701931000e-03 6.430339068174362183e-03 5.967877339571714401e-03 6.102534942328929901e-03 5.805291235446929932e-03 7.259992416948080063e-03 5.770335905253887177e-03 5.404476542025804520e-03 5.366734229028224945e-03 5.047150421887636185e-03
5.887608043849468231e-03 6.255834363400936127e-03 5.914382170885801315e-03 6.558357737958431244e-03 7.130976766347885132e-03 5.860039498656988144e-03 6.626628339290618896e-03 5.913631059229373932e-03 5.917374975979328156e-03 6.370577495545148849e-03 6.258870474994182587e-03 6.048586685210466385e-03 5.807991605252027512e-03 6.402771454304456711e-03 6.028019357472658157e-03 5.457577761262655258e-03 6.027524825185537338e-03 5.691334139555692673e-03 5.835162941366434097e-03 6.156578660011291504e-03
6.368150003254413605e-03 6.231112871319055557e-03 5.867128260433673859e-03 6.315293721854686737e-03 6.252550520002841949e-03 5.897303111851215363e-03 5.590162239968776703e-03 5.560332909226417542e-03 5.784368608146905899e-03 5.635268054902553558e-03 6.035500206053256989e-03 6.884969770908355713e-03 7.132435683161020279e-03 5.407379940152168274e-03 5.593280307948589325e-03 6.334500387310981750e-03 6.063268985599279404e-03 6.280397064983844757e-03 5.914991721510887146e-03 5.689558573067188263e-03
6.126016378402709961e-03 6.204683799296617508e-03 6.586816627532243729e-03 5.944952834397554398e-03 5.455350037664175034e-03 5.621482152491807938e-03 7.194328587502241135e-03 5.788051988929510117e-03 5.929187871515750885e-03 6.109616253525018692e-03 6.214030086994171143e-03 6.757521536201238632e-03 6.008025724440813065e-03 5.865908227860927582e-03 5.714478436857461929e-03 6.563855335116386414e-03 5.440019071102142334e-03 5.999459885060787201e-03 6.430058274418115616e-03 5.672300700098276138e-03
6.017099600285291672e-03 6.766478065401315689e-03 6.670515518635511398e-03 6.888446398079395294e-03 5.740770604461431503e-03 5.605511832982301712e-03 7.004830054938793182e-03 7.598522584885358810e-03 5.772292148321866989e-03 6.163606420159339905e-03 6.058310158550739288e-03 5.766293965280056000e-03 6.550962571054697037e-03 5.871664267033338547e-03 5.662656854838132858e-03 5.410118959844112396e-03 6.156595423817634583e-03 5.676073022186756134e-03 6.238556932657957077e-03 6.381107494235038757e-03
6.270190700888633728e-03 6.870107725262641907e-03 6.197837647050619125e-03 5.803064443171024323e-03 6.608438678085803986e-03 5.636901129037141800e-03 6.100465077906847000e-03 5.975509993731975555e-03 6.321314722299575806e-03 6.100588943809270859e-03 5.915525369346141815e-03 6.191770546138286591e-03 6.006197072565555573e-03 5.850292276591062546e-03 6.670496892184019089e-03 6.075128912925720215e-03 5.479998420923948288e-03 5.514745134860277176e-03 6.239756941795349121e-03 6.874821148812770844e-03
6.300908979028463364e-03 6.285475566983222961e-03 6.843595299869775772e-03 5.964172538369894028e-03 6.286707241088151932e-03 5.307582672685384750e-03 6.004844326525926590e-03 6.222170311957597733e-03 6.056822836399078369e-03 6.232051178812980652e-03 5.547563079744577408e-03 5.637697875499725342e-03 7.092523854225873947e-03 5.397754721343517303e-03 5.451906938105821609e-03 7.923512719571590424e-03 6.176390219479799271e-03 6.149688735604286194e-03 5.734439473599195480e-03 6.537345703691244125e-03
8.093597367405891418e-03 5.871535278856754303e-03 6.368075031787157059e-03 5.931162741035223007e-03 6.998223252594470978e-03 6.827554199844598770e-03 6.701143458485603333e-03 6.363638211041688919e-03 6.549029611051082611e-03 6.018985528498888016e-03 6.948582828044891357e-03 5.790920462459325790e-03 5.931693129241466522e-03 5.486099049448966980e-03 5.845138803124427795e-03 5.661554634571075439e-03 5.590607412159442902e-03 6.678245961666107178e-03 6.706421729177236557e-03 5.871272180229425430e-03
5.784639157354831696e-03 5.475435871630907059e-03 8.131616748869419098e-03 5.383647978305816650e-03 6.846613250672817230e-03 6.966052111238241196e-03 6.667147856205701828e-03 6.452355999499559402e-03 5.731457378715276718e-03 5.856504663825035095e-03 7.110740989446640015e-03 5.487351678311824799e-03 6.206788122653961182e-03 5.486978217959403992e-03 6.220260635018348694e-03 6.207759026437997818e-03 6.463996134698390961e-03 6.265434436500072479e-03 6.035259924829006195e-03 6.821515969932079315e-03
6.425636354833841324e-03 5.463714245706796646e-03 5.336395464837551117e-03 6.552480626851320267e-03 5.975800566375255585e-03 6.114613730460405350e-03 6.254401057958602905e-03 6.504332646727561951e-03 5.531439557671546936e-03 5.605660378932952881e-03 6.303251720964908600e-03 5.951972678303718567e-03 6.687451153993606567e-03 5.958134774118661880e-03 7.210347335785627365e-03 5.796744022518396378e-03 6.690637208521366119e-03 5.929691251367330551e-03 5.522971972823143005e-03 5.998936481773853302e-03
6.774497684091329575e-03 6.236900109797716141e-03 7.048746105283498764e-03 6.935466546565294266e-03 5.447414703667163849e-03 6.286307703703641891e-03 5.967200733721256256e-03 7.240160368382930756e-03 6.775700952857732773e-03 5.646841134876012802e-03 6.753502413630485535e-03 6.464634556323289871e-03 6.383216474205255508e-03 5.578931886702775955e-03 5.910200066864490509e-03 5.678344517946243286e-03 5.708567332476377487e-03 6.160689517855644226e-03 6.670989096164703369e-03 6.354909855872392654e-03
5.805938970297574997e-03 5.537017248570919037e-03 6.374909076839685440e-03 6.048219278454780579e-03 6.251081358641386032e-03 6.072670686990022659e-03 6.454823538661003113e-03 5.703303497284650803e-03 6.334790959954261780e-03 6.295314524322748184e-03 6.329546216875314713e-03 5.952074658125638962e-03 5.559885408729314804e-03 5.315597634762525558e-03 5.837965756654739380e-03 6.207139696925878525e-03 5.952970124781131744e-03 6.164676044136285782e-03 5.970575846731662750e-03 7.688180543482303619e-03
6.496315356343984604e-03 5.420363042503595352e-03 6.536865606904029846e-03 5.904850084334611893e-03 5.273552611470222473e-03 6.151218432933092117e-03 6.280377972871065140e-03 5.732653196901082993e-03 5.795042496174573898e-03 6.563873961567878723e-03 6.180398631840944290e-03 5.395108833909034729e-03 6.242800038307905197e-03 5.452567711472511292e-03 6.444161292165517807e-03 5.849951412528753281e-03 6.399637088179588318e-03 6.432254333049058914e-03 6.125862710177898407e-03 5.810053087770938873e-03
5.915123969316482544e-03 6.688978057354688644e-03 6.246968172490596771e-03 7.834780029952526093e-03 6.955575663596391678e-03 8.810465224087238312e-03 6.191620603203773499e-03 6.548178382217884064e-03 6.509675644338130951e-03 6.581200752407312393e-03 6.061574444174766541e-03 6.230893544852733612e-03 7.250287104398012161e-03 6.813012994825839996e-03 5.211267620325088501e-03 6.104529835283756256e-03 6.077427417039871216e-03 6.179090123623609543e-03 6.540940143167972565e-03 7.038082461804151535e-03
6.606225389987230301e-03 5.925396922975778580e-03 5.677107721567153931e-03 5.735632963478565216e-03 6.765676196664571762e-03 5.642508156597614288e-03 5.506851244717836380e-03 5.865920335054397583e-03 6.705326493829488754e-03 6.509880535304546356e-03 6.868423894047737122e-03 5.414644721895456314e-03 5.802138242870569229e-03 5.944552365690469742e-03 6.269445177167654037e-03 5.546621046960353851e-03 5.380201153457164764e-03 5.719861947000026703e-03 6.143621634691953659e-03 6.327651441097259521e-03
5.816536955535411835e-03 6.185426842421293259e-03 5.320481490343809128e-03 5.702345166355371475e-03 6.459442898631095886e-03 6.242401432245969772e-03 5.527661647647619247e-03 6.447767838835716248e-03 5.940918345004320145e-03 6.180725991725921631e-03 6.106859073042869568e-03 5.896823015064001083e-03 5.926480516791343689e-03 5.751740187406539917e-03 7.166749332100152969e-03 6.656634621322154999e-03 6.124961655586957932e-03 5.989918950945138931e-03 5.735981743782758713e-03 6.659388076514005661e-03
5.553859286010265350e-03 5.766913294792175293e-03 5.655266810208559036e-03 6.405218038707971573e-03 6.583712995052337646e-03 6.696326192468404770e-03 6.302603054791688919e-03 6.260094698518514633e-03 5.468294490128755569e-03 5.318524315953254700e-03 6.680409424006938934e-03 5.913308821618556976e-03 5.573337897658348083e-03 6.120944861322641373e-03 5.990636069327592850e-03 5.692172329872846603e-03 5.287765059620141983e-03 5.908007733523845673e-03 6.084960885345935822e-03 7.071362342685461044e-03
6.047920323908329010e-03 5.549633409827947617e-03 7.552325725555419922e-03 5.588101223111152649e-03 6.391098257154226303e-03 6.550329271703958511e-03 6.054688245058059692e-03 6.687202490866184235e-03 5.568545777350664139e-03 6.350967567414045334e-03 5.816859658807516098e-03 5.884676240384578705e-03 6.779023911803960800e-03 5.694216117262840271e-03 5.698140710592269897e-03 5.675334949046373367e-03 5.624488461762666702e-03 6.334508303552865982e-03 6.083942018449306488e-03 5.496948491781949997e-03
6.051995325833559036e-03 5.613218527287244797e-03 6.575561128556728363e-03 5.591578315943479538e-03 6.221272516995668411e-03 6.595077458769083023e-03 5.498118698596954346e-03 5.777534097433090210e-03 6.919936276972293854e-03 6.131177768111228943e-03 6.572740618139505386e-03 5.633346270769834518e-03 6.264535710215568542e-03 5.601325538009405136e-03 7.112887687981128693e-03 6.270088721066713333e-03 6.088190246373414993e-03 6.235952489078044891e-03 6.053776945918798447e-03 5.831677000969648361e-03
5.822869483381509781e-03 5.903027486056089401e-03 6.030479446053504944e-03 6.126497406512498856e-03 6.718697492033243179e-03 6.948180962353944778e-03 5.756116006523370743e-03 5.868863314390182495e-03 5.912188440561294556e-03 7.072816137224435806e-03 7.507781963795423508e-03 6.386187858879566193e-03 5.603188183158636093e-03 5.871111527085304260e-03 6.386701948940753937e-03 7.474471349269151688e-03 5.916909780353307724e-03 5.523162893950939178e-03 6.043598987162113190e-03 5.819322075694799423e-03
6.224619224667549133e-03 6.426572334021329880e-03 6.438493262976408005e-03 5.936935078352689743e-03 5.720146466046571732e-03 5.789251998066902161e-03 5.951041355729103088e-03 6.084689404815435410e-03 6.450085435062646866e-03 6.398732308298349380e-03 5.629492923617362976e-03 6.320229731500148773e-03 5.465343128889799118e-03 6.114766001701354980e-03 6.142804864794015884e-03 6.407130043953657150e-03 5.344620905816555023e-03 5.581093020737171173e-03 5.387060809880495071e-03 6.056401412934064865e-03
6.182925775647163391e-03 6.344559602439403534e-03 5.758206825703382492e-03 6.753856316208839417e-03 6.167677696794271469e-03 6.096523720771074295e-03 5.820936523377895355e-03 5.734974984079599380e-03 5.913503002375364304e-03 7.175553124397993088e-03 6.193029694259166718e-03 5.718447268009185791e-03 5.810196977108716965e-03 7.222383283078670502e-03 6.090613082051277161e-03 6.333632394671440125e-03 5.816008895635604858e-03 5.993934348225593567e-03 6.338724866509437561e-03 5.664475262165069580e-03
5.762220360338687897e-03 6.728333421051502228e-03 5.808930378407239914e-03 6.625652778893709183e-03 5.626722704619169235e-03 6.040348205715417862e-03 6.046873051673173904e-03 5.656586028635501862e-03 5.722812842577695847e-03 5.991875659674406052e-03 6.668196991086006165e-03 5.820282734930515289e-03 6.811886094510555267e-03 6.582692265510559082e-03 5.750448442995548248e-03 6.230871193110942841e-03 5.839256569743156433e-03 5.601742304861545563e-03 6.176914554089307785e-03 6.293357815593481064e-03
7.118436507880687714e-03 6.627102848142385483e-03 7.496555335819721222e-03 7.008630316704511642e-03 6.785934790968894958e-03 5.523927509784698486e-03 7.016044110059738159e-03 6.692440714687108994e-03 6.378111429512500763e-03 6.219767034053802490e-03 6.685280241072177887e-03 5.724628921598196030e-03 5.824754480272531509e-03 6.797374226152896881e-03 6.021937355399131775e-03 7.957226596772670746e-03 7.438434287905693054e-03 6.276288535445928574e-03 6.260145455598831177e-03 6.030257791280746460e-03
5.878739524632692337e-03 6.210672669112682343e-03 6.035882048308849335e-03 5.848652683198451996e-03 6.534675601869821548e-03 6.129272747784852982e-03 6.408550310879945755e-03 6.808791775256395340e-03 5.761860869824886322e-03 6.950320675969123840e-03 6.224204320460557938e-03 5.535625852644443512e-03 6.702668964862823486e-03 5.281249992549419403e-03 6.308888085186481476e-03 5.775773897767066956e-03 6.535463966429233551e-03 6.588278803974390030e-03 6.309418007731437683e-03 5.815523676574230194e-03
6.427134387195110321e-03 6.581083871424198151e-03 5.763455294072628021e-03 5.814184900373220444e-03 6.661773659288883209e-03 5.720367655158042908e-03 5.931162275373935699e-03 6.368687376379966736e-03 5.997760687023401260e-03 6.214682012796401978e-03 6.025021895766258240e-03 6.006469484418630600e-03 6.220000796020030975e-03 5.496962927281856537e-03 7.308681495487689972e-03 7.787168957293033600e-03 5.470041651278734207e-03 6.161822471767663956e-03 6.703935097903013229e-03 6.742897909134626389e-03
5.496642086654901505e-03 5.723999813199043274e-03 5.607737228274345398e-03 5.663018673658370972e-03 6.506375502794981003e-03 5.811906419694423676e-03 5.520098842680454254e-03 5.393736530095338821e-03 6.129856687039136887e-03 5.456601269543170929e-03 5.655040964484214783e-03 5.538256373256444931e-03 5.661840084940195084e-03 6.418868433684110641e-03 6.317920051515102386e-03 6.226182915270328522e-03 5.434850230813026428e-03 5.765936803072690964e-03 5.443957634270191193e-03 5.214247852563858032e-03
6.163040176033973694e-03 6.337400991469621658e-03 5.739523097872734070e-03 7.137901615351438522e-03 6.135922390967607498e-03 6.990874186158180237e-03 7.263202685862779617e-03 6.487803068011999130e-03 5.679681431502103806e-03 5.120607092976570129e-03 6.222238764166831970e-03 6.511609070003032684e-03 5.897046066820621490e-03 6.444761529564857483e-03 6.022399291396141052e-03 6.127299740910530090e-03 5.397749133408069611e-03 6.437706295400857925e-03 5.740109365433454514e-03 5.884270183742046356e-03
5.782538093626499176e-03 6.422569975256919861e-03 6.099571939557790756e-03 6.132640875875949860e-03 6.127512082457542419e-03 6.136599462479352951e-03 6.092609371989965439e-03 7.314802613109350204e-03 5.926600191742181778e-03 5.803616251796483994e-03 5.645372439175844193e-03 6.431270390748977661e-03 5.811143666505813599e-03 6.538231391459703445e-03 6.196468137204647064e-03 6.221823394298553467e-03 6.145034451037645340e-03 6.453996989876031876e-03 5.741872359067201614e-03 6.146748550236225128e-03
5.847421009093523026e-03 6.465412210673093796e-03 5.949099548161029816e-03 6.551286671310663223e-03 6.638592109084129333e-03 6.499529350548982620e-03 5.309029947966337204e-03 5.793247837573289871e-03 6.231313571333885193e-03 5.796673707664012909e-03 6.880161352455615997e-03 6.004310678690671921e-03 5.554069764912128448e-03 6.209108047187328339e-03 5.106218624860048294e-03 5.603580735623836517e-03 5.949848331511020660e-03 6.740951910614967346e-03 5.713406484574079514e-03 5.764414556324481964e-03
6.250488106161355972e-03 5.723170470446348190e-03 6.396549753844738007e-03 5.634357221424579620e-03 6.717149168252944946e-03 5.800985731184482574e-03 5.730285774916410446e-03 6.049138493835926056e-03 7.432830054312944412e-03 6.376411300152540207e-03 7.277785334736108780e-03 5.493670701980590820e-03 6.024735048413276672e-03 6.772542838007211685e-03 7.164785638451576233e-03 5.674214567989110947e-03 6.687667220830917358e-03 7.213101256638765335e-03 6.549268029630184174e-03 6.075560115277767181e-03
5.452300887554883957e-03 5.457165185362100601e-03 6.302185356616973877e-03 5.344617646187543869e-03 6.392387207597494125e-03 5.870286375284194946e-03 5.640229210257530212e-03 7.217183709144592285e-03 5.916080437600612640e-03 6.020677741616964340e-03 5.678326822817325592e-03 7.121657021343708038e-03 6.309701595455408096e-03 5.946901161223649979e-03 6.523821968585252762e-03 7.392320316284894943e-03 5.746894516050815582e-03 5.786103662103414536e-03 5.874308757483959198e-03 5.766640882939100266e-03
6.607674993574619293e-03 6.104228086769580841e-03 5.404791794717311859e-03 6.454073823988437653e-03 5.954687483608722687e-03 5.717366468161344528e-03 7.281248923391103745e-03 5.298313684761524200e-03 5.807154346257448196e-03 5.614264402538537979e-03 6.058840081095695496e-03 5.437276326119899750e-03 6.075705401599407196e-03 6.427579093724489212e-03 6.154631730169057846e-03 5.724767223000526428e-03 6.382566411048173904e-03 5.629924591630697250e-03 5.265503656119108200e-03 5.801222752779722214e-03
5.615014582872390747e-03 7.097584195435047150e-03 6.473361514508724213e-03 5.712455604225397110e-03 5.894827656447887421e-03 5.526366177946329117e-03 5.443681497126817703e-03 6.639351602643728256e-03 6.591296754777431488e-03 5.796580109745264053e-03 5.844325292855501175e-03 6.235232576727867126e-03 6.790681742131710052e-03 6.088448688387870789e-03 5.810519680380821228e-03 7.114430889487266541e-03 5.380482878535985947e-03 5.826023872941732407e-03 5.502947140485048294e-03 6.962509825825691223e-03
6.495148409157991409e-03 5.968057084828615189e-03 6.087863817811012268e-03 6.168215535581111908e-03 5.681537091732025146e-03 5.866223014891147614e-03 6.354813929647207260e-03 6.528125610202550888e-03 5.832665599882602692e-03 5.261738784611225128e-03 5.910779349505901337e-03 6.429915782064199448e-03 6.614281330257654190e-03 6.117031443864107132e-03 5.894114263355731964e-03 5.665585864335298538e-03 6.040371023118495941e-03 5.658415611833333969e-03 6.676798220723867416e-03 5.641266703605651855e-03
7.124800700694322586e-03 6.316363811492919922e-03 6.971584167331457138e-03 5.989308003336191177e-03 6.401800550520420074e-03 5.739327520132064819e-03 5.565021187067031860e-03 5.852361675351858139e-03 5.753648001700639725e-03 6.487870123237371445e-03 5.556069780141115189e-03 5.909690167754888535e-03 6.604200694710016251e-03 6.405123043805360794e-03 6.369711831212043762e-03 5.491738673299551010e-03 5.336886737495660782e-03 6.682232487946748734e-03 5.647718440741300583e-03 6.835393607616424561e-03
6.529220379889011383e-03 6.371395196765661240e-03 6.291223689913749695e-03 5.802477709949016571e-03 6.205134093761444092e-03 5.866779014468193054e-03 5.067607387900352478e-03 6.856826599687337875e-03 5.760482512414455414e-03 5.963593255728483200e-03 6.520593538880348206e-03 6.823546253144741058e-03 7.131715770810842514e-03 6.076505407691001892e-03 5.447232164442539215e-03 5.554422736167907715e-03 5.992890335619449615e-03 7.362358737736940384e-03 6.499064154922962189e-03 6.269271951168775558e-03
6.688742432743310928e-03 5.622749682515859604e-03 6.033190526068210602e-03 6.229582242667675018e-03 6.726061925292015076e-03 6.383995059877634048e-03 6.418150849640369415e-03 7.048697210848331451e-03 5.560088437050580978e-03 5.818563979119062424e-03 6.547955330461263657e-03 7.226839661598205566e-03 6.007010117173194885e-03 6.145314313471317291e-03 6.314110476523637772e-03 5.876035895198583603e-03 6.433052010834217072e-03 5.890457890927791595e-03 5.827147047966718674e-03 6.261238828301429749e-03
5.550807807594537735e-03 6.294708698987960815e-03 6.120461504906415939e-03 6.310795433819293976e-03 5.908207502216100693e-03 7.279126439243555069e-03 5.846723914146423340e-03 6.257607601583003998e-03 5.707627627998590469e-03 6.401290651410818100e-03 5.467528011649847031e-03 5.581073462963104248e-03 5.608091130852699280e-03 8.462649770081043243e-03 5.486825015395879745e-03 6.314508151262998581e-03 5.398937966674566269e-03 5.591887515038251877e-03 5.702991038560867310e-03 6.640717852860689163e-03
6.221731659024953842e-03 6.553785409778356552e-03 5.966329015791416168e-03 5.297556985169649124e-03 6.145583000034093857e-03 5.656557623296976089e-03 7.034105714410543442e-03 5.691625177860260010e-03 6.099126767367124557e-03 6.641989108175039291e-03 6.272381171584129333e-03 5.458048544824123383e-03 6.138687022030353546e-03 5.956662818789482117e-03 5.347265396267175674e-03 6.252059247344732285e-03 6.427227519452571869e-03 6.370713468641042709e-03 6.967696361243724823e-03 5.503913853317499161e-03
5.714220460504293442e-03 5.913808010518550873e-03 5.567493848502635956e-03 5.845294333994388580e-03 5.773569457232952118e-03 5.763204768300056458e-03 5.578980315476655960e-03 6.357134319841861725e-03 6.115902680903673172e-03 5.545828025788068771e-03 5.992415826767683029e-03 5.727578420192003250e-03 5.690009333193302155e-03 6.184045691043138504e-03 7.343600969761610031e-03 6.229692138731479645e-03 5.536837037652730942e-03 6.437403615564107895e-03 7.241750136017799377e-03 6.386031396687030792e-03
5.748996511101722717e-03 5.945473443716764450e-03 5.611885804682970047e-03 5.525437183678150177e-03 5.982345435768365860e-03 5.970259197056293488e-03 5.977154243737459183e-03 6.226602941751480103e-03 5.436522886157035828e-03 5.874117370694875717e-03 5.823523271828889847e-03 5.743399262428283691e-03 6.332522258162498474e-03 5.271203815937042236e-03 5.642169155180454254e-03 6.115273572504520416e-03 6.309775169938802719e-03 5.502605810761451721e-03 6.417005788534879684e-03 5.809519905596971512e-03
5.837742239236831665e-03 6.367265712469816208e-03 6.468962877988815308e-03 5.937783513218164444e-03 5.561430938541889191e-03 5.560984369367361069e-03 5.663958378136157990e-03 5.634466186165809631e-03 5.828494206070899963e-03 5.939878057688474655e-03 5.917386151850223541e-03 5.421074572950601578e-03 5.815315060317516327e-03 6.394140422344207764e-03 6.587811745703220367e-03 5.702208727598190308e-03 5.814555566757917404e-03 6.584820337593555450e-03 5.452168174088001251e-03 5.405752453953027725e-03
6.139160133898258209e-03 7.266718428581953049e-03 6.306155584752559662e-03 6.953078322112560272e-03 5.926483310759067535e-03 5.443796981126070023e-03 6.231278181076049805e-03 5.202318541705608368e-03 6.491238716989755630e-03 6.026923190802335739e-03 6.288504693657159805e-03 6.073709577322006226e-03 5.450792144984006882e-03 5.517106968909502029e-03 5.425481125712394714e-03 5.538940895348787308e-03 5.679619032889604568e-03 6.205977872014045715e-03 5.880550481379032135e-03 5.272288341075181961e-03
6.640463601797819138e-03 5.725066177546977997e-03 5.828974302858114243e-03 6.265392526984214783e-03 5.898129194974899292e-03 6.866767071187496185e-03 6.927720736712217331e-03 5.517927929759025574e-03 5.656813737004995346e-03 7.327206898480653763e-03 5.985561292618513107e-03 5.372603423893451691e-03 6.407588720321655273e-03 5.746595095843076706e-03 5.846741609275341034e-03 6.479504052549600601e-03 5.861079320311546326e-03 6.566951051354408264e-03 5.706166848540306091e-03 6.095006596297025681e-03
6.231285165995359421e-03 5.941340699791908264e-03 6.557772867381572723e-03 5.808610934764146805e-03 6.650050170719623566e-03 6.064252462238073349e-03 6.036845967173576355e-03 6.892415229231119156e-03 6.056915968656539917e-03 6.252711638808250427e-03 5.999420769512653351e-03 6.792348809540271759e-03 6.680951453745365143e-03 5.664295516908168793e-03 6.116997916251420975e-03 6.099394056946039200e-03 5.340761970728635788e-03 6.338345352560281754e-03 6.642675027251243591e-03 6.265194620937108994e-03
6.107739638537168503e-03 5.398423410952091217e-03 5.671673920005559921e-03 5.617699120193719864e-03 5.713829305022954941e-03 6.744738668203353882e-03 5.361803341656923294e-03 7.026318460702896118e-03 6.496863905340433121e-03 7.247662637382745743e-03 6.589376833289861679e-03 5.956240929663181305e-03 5.512407515197992325e-03 6.938187405467033386e-03 6.097279023379087448e-03 6.572904065251350403e-03 5.728310905396938324e-03 6.460869684815406799e-03 5.626189522445201874e-03 5.724539980292320251e-03
5.784102249890565872e-03 6.267132237553596497e-03 6.317600142210721970e-03 5.908326711505651474e-03 5.988104734569787979e-03 7.173913065344095230e-03 5.660024471580982208e-03 6.219406612217426300e-03 6.249084137380123138e-03 5.727679934352636337e-03 7.025958038866519928e-03 6.206591147929430008e-03 5.916369613260030746e-03 5.696979817003011703e-03 6.402145605534315109e-03 5.683199502527713776e-03 5.833914037793874741e-03 6.022984627634286880e-03 6.294599734246730804e-03 5.844558123499155045e-03
5.649527069181203842e-03 6.499426439404487610e-03 6.362867075949907303e-03 6.070242729038000107e-03 6.202886346727609634e-03 5.896094255149364471e-03 5.834955256432294846e-03 5.442705005407333374e-03 5.888474173843860626e-03 6.238269153982400894e-03 6.740228738635778427e-03 6.318345665931701660e-03 5.969471763819456100e-03 6.231896113604307175e-03 5.838301032781600952e-03 5.576603580266237259e-03 6.094400770962238312e-03 7.363013923168182373e-03 5.789563525468111038e-03 5.999678745865821838e-03
5.956176668405532837e-03 5.870915949344635010e-03 6.608946714550256729e-03 6.639149039983749390e-03 5.397022236138582230e-03 6.221933756023645401e-03 6.533279549330472946e-03 6.160922348499298096e-03 6.375039927661418915e-03 6.279917433857917786e-03 5.640945862978696823e-03 7.071486674249172211e-03 5.370305851101875305e-03 7.015160284936428070e-03 6.021532230079174042e-03 5.619354080408811569e-03 5.446916911751031876e-03 6.145685445517301559e-03 5.538814701139926910e-03 6.370756309479475021e-03
7.151515223085880280e-03 5.669889505952596664e-03 6.411400157958269119e-03 6.317413412034511566e-03 6.449244450777769089e-03 5.713344551622867584e-03 5.947541911154985428e-03 5.778896622359752655e-03 5.987750366330146790e-03 6.740643642842769623e-03 6.022632587701082230e-03 6.207599770277738571e-03 6.333264056593179703e-03 5.769460462033748627e-03 5.813633091747760773e-03 6.258984562009572983e-03 6.357479374855756760e-03 5.958118941634893417e-03 7.166753523051738739e-03 6.065796129405498505e-03
6.479294504970312119e-03 6.359636783599853516e-03 6.738614756613969803e-03 5.856188945472240448e-03 5.661113653331995010e-03 5.194037221372127533e-03 6.494238041341304779e-03 5.815250333398580551e-03 5.796977784484624863e-03 5.677549634128808975e-03 5.485554225742816925e-03 6.463812664151191711e-03 5.433410406112670898e-03 6.385939661413431168e-03 5.694415885955095291e-03 5.806448403745889664e-03 6.356692407280206680e-03 5.558249074965715408e-03 5.401492118835449219e-03 5.913901142776012421e-03
5.549300927668809891e-03 5.883167032152414322e-03 6.830329075455665588e-03 5.679120775312185287e-03 5.814628209918737411e-03 5.989273544400930405e-03 5.804182030260562897e-03 7.007474079728126526e-03 5.946322344243526459e-03 5.468009505420923233e-03 5.696020554751157761e-03 6.115071941167116165e-03 5.715489853173494339e-03 6.764751859009265900e-03 6.745160091668367386e-03 6.008331198245286942e-03 6.166613660752773285e-03 5.566081032156944275e-03 6.137850228697061539e-03 5.460613872855901718e-03
5.560720805078744888e-03 6.084111984819173813e-03 5.784190725535154343e-03 5.791116971522569656e-03 5.866065621376037598e-03 6.403553299605846405e-03 5.444842856377363205e-03 5.426064599305391312e-03 5.449795164167881012e-03 5.921209231019020081e-03 5.705429241061210632e-03 6.679694633930921555e-03 6.123935803771018982e-03 6.405373569577932358e-03 5.745258647948503494e-03 5.686406046152114868e-03 5.951299797743558884e-03 5.956561770290136337e-03 5.285202059894800186e-03 6.156857125461101532e-03
6.258264649659395218e-03 6.632272154092788696e-03 5.812490358948707581e-03 7.414054591208696365e-03 5.608089733868837357e-03 5.723356734961271286e-03 5.875434260815382004e-03 5.931920837610960007e-03 5.470116622745990753e-03 5.717536434531211853e-03 6.668216548860073090e-03 5.653720349073410034e-03 5.885463673621416092e-03 5.506237503141164780e-03 6.503160111606121063e-03 5.580516066402196884e-03 6.039306055754423141e-03 6.009187083691358566e-03 5.999441724270582199e-03 5.934368353337049484e-03
6.469812244176864624e-03 5.909284576773643494e-03 5.567328073084354401e-03 6.197507027536630630e-03 5.863688420504331589e-03 5.764567293226718903e-03 5.589840933680534363e-03 6.309578660875558853e-03 6.101587321609258652e-03 5.923083052039146423e-03 5.797799210995435715e-03 5.954148713499307632e-03 6.232922431081533432e-03 6.283146329224109650e-03 5.295876879245042801e-03 5.817092023789882660e-03 5.546697415411472321e-03 5.772403907030820847e-03 6.983193103224039078e-03 5.816797725856304169e-03
6.359160412102937698e-03 6.950477603822946548e-03 6.469569168984889984e-03 6.478781811892986298e-03 5.596244242042303085e-03 6.163872312754392624e-03 6.194349844008684158e-03 5.672466009855270386e-03 6.180506199598312378e-03 7.067181635648012161e-03 5.657930392771959305e-03 6.444878410547971725e-03 5.929656326770782471e-03 5.669346544891595840e-03 6.005793344229459763e-03 6.951653398573398590e-03 6.166761275380849838e-03 5.603090394288301468e-03 6.179742980748414993e-03 5.747952498495578766e-03
5.931520834565162659e-03 5.695202387869358063e-03 6.116709206253290176e-03 5.434451624751091003e-03 5.812888033688068390e-03 6.844322662800550461e-03 6.734399590641260147e-03 5.870583932846784592e-03 5.325150210410356522e-03 6.900139153003692627e-03 6.584999151527881622e-03 5.633383989334106445e-03 5.167265422642230988e-03 5.448997020721435547e-03 6.940846331417560577e-03 5.721897352486848831e-03 5.840416532009840012e-03 7.049796171486377716e-03 6.215354893356561661e-03 5.713010672479867935e-03
5.518847145140171051e-03 6.422051228582859039e-03 5.639413371682167053e-03 5.506570916622877121e-03 5.711834412068128586e-03 5.919001996517181396e-03 6.049308925867080688e-03 6.575132254511117935e-03 5.753735546022653580e-03 5.666896700859069824e-03 7.532512303441762924e-03 6.620440632104873657e-03 5.413238424807786942e-03 5.691909696906805038e-03 5.436170846223831177e-03 5.445241462439298630e-03 6.261829752475023270e-03 5.945221520960330963e-03 6.773600354790687561e-03 5.892314482480287552e-03
7.583575788885354996e-03 5.638535600155591965e-03 6.238594651222229004e-03 5.337704438716173172e-03 5.650300532579421997e-03 7.440350949764251709e-03 6.849112454801797867e-03 5.959123838692903519e-03 6.213750690221786499e-03 6.408268585801124573e-03 5.914049688726663589e-03 5.798388272523880005e-03 6.008635275065898895e-03 6.286184303462505341e-03 6.766340695321559906e-03 5.443689413368701935e-03 5.435175262391567230e-03 6.164954509586095810e-03 5.331612657755613327e-03 5.928665865212678909e-03
6.029457785189151764e-03 6.351803895086050034e-03 7.311995141208171844e-03 6.536918692290782928e-03 6.674967240542173386e-03 5.777778103947639465e-03 5.704749375581741333e-03 5.711444653570652008e-03 7.267404347658157349e-03 5.524519830942153931e-03 6.435683928430080414e-03 5.647426936775445938e-03 6.821655668318271637e-03 5.708815995603799820e-03 6.055987905710935593e-03 5.211843177676200867e-03 5.538872443139553070e-03 6.443988066166639328e-03 5.821912549436092377e-03 6.771770305931568146e-03
5.500795319676399231e-03 6.436843425035476685e-03 6.812281440943479538e-03 5.307498853653669357e-03 5.365507211536169052e-03 5.718208383768796921e-03 5.641761701554059982e-03 6.633704062551259995e-03 5.803912878036499023e-03 5.556406918913125992e-03 6.175248418003320694e-03 6.082337349653244019e-03 5.418851040303707123e-03 5.875566974282264709e-03 6.333367433398962021e-03 5.370375234633684158e-03 5.586169194430112839e-03 5.486334674060344696e-03 6.784181110560894012e-03 5.405732430517673492e-03
7.707916665822267532e-03 5.928242579102516174e-03 6.794042419642210007e-03 6.174597889184951782e-03 5.932840518653392792e-03 6.042235065251588821e-03 5.792202427983283997e-03 6.476755719631910324e-03 7.495031226426362991e-03 6.512165535241365433e-03 5.355926696211099625e-03 5.393021740019321442e-03 5.716854240745306015e-03 5.636674817651510239e-03 7.376949768513441086e-03 5.490325856953859329e-03 6.429108325392007828e-03 5.619709379971027374e-03 6.109234411269426346e-03 5.769734736531972885e-03
6.503909360617399216e-03 5.769198294728994370e-03 5.394938401877880096e-03 6.257431581616401672e-03 6.379742175340652466e-03 5.555830430239439011e-03 5.648613907396793365e-03 6.493957713246345520e-03 6.293075159192085266e-03 6.144482176750898361e-03 5.970061756670475006e-03 5.355682689696550369e-03 5.973515100777149200e-03 6.022209301590919495e-03 6.432038266211748123e-03 6.333869881927967072e-03 5.623375065624713898e-03 7.138831540942192078e-03 5.484592169523239136e-03 5.876482464373111725e-03
6.875497289001941681e-03 7.043901830911636353e-03 6.310674361884593964e-03 6.561870221048593521e-03 5.387302022427320480e-03 6.456149742007255554e-03 6.188672035932540894e-03 7.577903103083372116e-03 7.123789750039577484e-03 5.658925510942935944e-03 5.269114859402179718e-03 5.929635372012853622e-03 5.663019139319658279e-03 5.683944094926118851e-03 6.743358448147773743e-03 8.237916976213455200e-03 5.986595991998910904e-03 5.982663948088884354e-03 6.302610971033573151e-03 6.319394800812005997e-03
5.459963344037532806e-03 6.162863224744796753e-03 6.026513874530792236e-03 6.038445048034191132e-03 6.221464835107326508e-03 5.587003659456968307e-03 6.583263631910085678e-03 6.022657267749309540e-03 5.728582385927438736e-03 5.503641907125711441e-03 5.670143757015466690e-03 5.641223862767219543e-03 5.760965403169393539e-03 5.237875040620565414e-03 5.672700237482786179e-03 6.627920549362897873e-03 5.705217830836772919e-03 5.965047981590032578e-03 5.676578264683485031e-03 5.831058137118816376e-03
6.418688688427209854e-03 6.345671135932207108e-03 5.820481106638908386e-03 6.597940810024738312e-03 5.912632681429386139e-03 6.293829530477523804e-03 5.914845969527959824e-03 5.419316701591014862e-03 5.712549667805433273e-03 7.002064958214759827e-03 5.411942023783922195e-03 5.710647907108068466e-03 6.367202382534742355e-03 6.418837700039148331e-03 5.969982128590345383e-03 6.144544109702110291e-03 5.992042366415262222e-03 6.198140326887369156e-03 6.300549954175949097e-03 5.184485577046871185e-03
5.924249533563852310e-03 6.618097890168428421e-03 5.726751405745744705e-03 5.897218827158212662e-03 5.666577722877264023e-03 5.764364264905452728e-03 5.689484998583793640e-03 8.087642490863800049e-03 6.353555247187614441e-03 6.486175116151571274e-03 6.332214456051588058e-03 6.525871343910694122e-03 6.745002232491970062e-03 6.327162031084299088e-03 6.339329760521650314e-03 6.317037623375654221e-03 5.816517397761344910e-03 5.461457651108503342e-03 5.958993453532457352e-03 6.392568349838256836e-03
5.741592030972242355e-03 6.020938046276569366e-03 6.642927881330251694e-03 6.469555199146270752e-03 6.252789404243230820e-03 6.804058793932199478e-03 5.575372837483882904e-03 5.550136789679527283e-03 5.801425315439701080e-03 7.053800392895936966e-03 6.313000340014696121e-03 6.328096147626638412e-03 5.522842518985271454e-03 5.857763811945915222e-03 6.628675386309623718e-03 6.269405130296945572e-03 5.631145089864730835e-03 5.675132852047681808e-03 5.538630299270153046e-03 5.734924226999282837e-03
5.835748277604579926e-03 5.961831659078598022e-03 5.495701450854539871e-03 6.138680037111043930e-03 5.166247021406888962e-03 5.852864123880863190e-03 5.866405088454484940e-03 5.574616603553295135e-03 5.945411510765552521e-03 5.588218569755554199e-03 5.841207224875688553e-03 5.350526422262191772e-03 6.089055445045232773e-03 6.356320343911647797e-03 5.830685142427682877e-03 5.652456544339656830e-03 5.064939148724079132e-03 7.220845669507980347e-03 6.166132166981697083e-03 5.778051912784576416e-03
5.268551409244537354e-03 6.063336972147226334e-03 6.264864932745695114e-03 6.195840891450643539e-03 5.405711475759744644e-03 5.494463257491588593e-03 5.506092682480812073e-03 6.062765605747699738e-03 5.728216841816902161e-03 5.687982309609651566e-03 5.691084545105695724e-03 7.447919342666864395e-03 6.427553016692399979e-03 6.433428730815649033e-03 6.061971653252840042e-03 5.997058935463428497e-03 5.731329321861267090e-03 6.147398147732019424e-03 6.280735135078430176e-03 5.963233299553394318e-03
7.089685183018445969e-03 6.248262245208024979e-03 6.050426978617906570e-03 7.017501629889011383e-03 4.969173111021518707e-03 7.239344064146280289e-03 5.714066326618194580e-03 5.789242684841156006e-03 6.750665605068206787e-03 5.541365128010511398e-03 6.194514688104391098e-03 5.576973780989646912e-03 6.345061119645833969e-03 5.638809874653816223e-03 5.688375793397426605e-03 5.867984145879745483e-03 5.884153302758932114e-03 6.521852221339941025e-03 6.186722777783870697e-03 6.123285274952650070e-03
5.809465423226356506e-03 5.647217389196157455e-03 5.571183282881975174e-03 5.715416278690099716e-03 6.164968479424715042e-03 6.392735987901687622e-03 5.806717090308666229e-03 5.763640627264976501e-03 5.624475423246622086e-03 6.064170971512794495e-03 6.338226143270730972e-03 5.541370715945959091e-03 6.464835721999406815e-03 6.478487979620695114e-03 6.055510602891445160e-03 6.288583390414714813e-03 5.383486393839120865e-03 5.623577628284692764e-03 5.714215338230133057e-03 5.695858970284461975e-03
6.392820738255977631e-03 6.320468615740537643e-03 5.975796375423669815e-03 5.465553607791662216e-03 6.343497429043054581e-03 5.537479184567928314e-03 7.600709330290555954e-03 5.643325857818126678e-03 5.317139904946088791e-03 7.313976529985666275e-03 6.161898840218782425e-03 5.704580340534448624e-03 5.945876240730285645e-03 5.790350958704948425e-03 5.479447543621063232e-03 7.093817461282014847e-03 6.933316122740507126e-03 6.174548994749784470e-03 6.227492354810237885e-03 6.509533617645502090e-03
6.297264713793992996e-03 5.410282406955957413e-03 5.677790381014347076e-03 7.317477837204933167e-03 6.215615663677453995e-03 5.501508712768554688e-03 5.657366011291742325e-03 6.468586158007383347e-03 6.004401016980409622e-03 5.984010640531778336e-03 6.284018978476524353e-03 5.774751305580139160e-03 5.861629266291856766e-03 6.343630142509937286e-03 6.308103911578655243e-03 6.116515025496482849e-03 5.839905701577663422e-03 6.647426169365644455e-03 5.702688358724117279e-03 6.560727953910827637e-03
7.891074754297733307e-03 5.799117498099803925e-03 6.345965433865785599e-03 5.379183683544397354e-03 5.156408064067363739e-03 5.660109687596559525e-03 5.791315343230962753e-03 6.579512264579534531e-03 6.163149606436491013e-03 5.698214285075664520e-03 5.770427640527486801e-03 5.364622920751571655e-03 5.863555707037448883e-03 6.084565073251724243e-03 5.876491777598857880e-03 6.265068426728248596e-03 6.070267409086227417e-03 5.669759120792150497e-03 6.298967171460390091e-03 5.986956413835287094e-03
5.618765484541654587e-03 5.763951689004898071e-03 6.441687699407339096e-03 6.252291146665811539e-03 6.614915560930967331e-03 5.752625875174999237e-03 6.251796614378690720e-03 6.026876159012317657e-03 5.794091150164604187e-03 6.078380160033702850e-03 5.968626122921705246e-03 5.765441339462995529e-03 6.024386268109083176e-03 6.476728245615959167e-03 6.230664439499378204e-03 6.076405756175518036e-03 6.046761758625507355e-03 5.834212526679039001e-03 5.650280509144067764e-03 6.164813414216041565e-03
6.017975509166717529e-03 5.908406805247068405e-03 6.388660985976457596e-03 5.905223079025745392e-03 5.969809368252754211e-03 5.758398678153753281e-03 5.579704418778419495e-03 7.181536871939897537e-03 5.646469537168741226e-03 5.664248019456863403e-03 5.560114979743957520e-03 6.400785408914089203e-03 5.891316104680299759e-03 6.249008700251579285e-03 6.262464914470911026e-03 5.822055041790008545e-03 6.576078943908214569e-03 6.343930494040250778e-03 5.843547172844409943e-03 5.961072631180286407e-03
5.620459560304880142e-03 5.398173816502094269e-03 5.437561776489019394e-03 5.649515893310308456e-03 6.033988669514656067e-03 6.452658213675022125e-03 5.749815143644809723e-03 5.661853589117527008e-03 5.437619984149932861e-03 5.780012346804141998e-03 5.486247129738330841e-03 5.700566340237855911e-03 6.197007838636636734e-03 6.337522063404321671e-03 5.504955071955919266e-03 6.443776655942201614e-03 5.498682614415884018e-03 6.036988459527492523e-03 5.677539855241775513e-03 6.769652012735605240e-03
5.660861264914274216e-03 6.271385122090578079e-03 5.798816680908203125e-03 6.796727422624826431e-03 6.567413918673992157e-03 7.766315247863531113e-03 6.021403241902589798e-03 5.922078154981136322e-03 5.679729860275983810e-03 6.436336319893598557e-03 7.149698678404092789e-03 5.943248979747295380e-03 5.571730434894561768e-03 6.337446626275777817e-03 5.641512572765350342e-03 5.103660747408866882e-03 5.628161597996950150e-03 6.044304929673671722e-03 6.852484773844480515e-03 5.581641104072332382e-03
6.821059156209230423e-03 5.998437292873859406e-03 5.920161027461290359e-03 6.123547442257404327e-03 6.585963070392608643e-03 5.711391568183898926e-03 5.774508230388164520e-03 5.366421770304441452e-03 6.094641983509063721e-03 5.498475860804319382e-03 5.505133885890245438e-03 6.062821950763463974e-03 6.278210785239934921e-03 6.645056884735822678e-03 5.891663022339344025e-03 6.226602941751480103e-03 6.432126741856336594e-03 6.341289263218641281e-03 5.850491113960742950e-03 5.664162803441286087e-03
5.814507603645324707e-03 6.228714715689420700e-03 5.377815570682287216e-03 5.897047929465770721e-03 6.298542488366365433e-03 5.701374262571334839e-03 6.836722139269113541e-03 5.390976555645465851e-03 6.590514443814754486e-03 5.604704376310110092e-03 6.400550715625286102e-03 6.268998142331838608e-03 5.455343052744865417e-03 5.792682524770498276e-03 5.931085441261529922e-03 6.495749112218618393e-03 5.965206772089004517e-03 5.237734876573085785e-03 6.768492981791496277e-03 6.221387535333633423e-03
